MA_6805g0010	MA_6805g0010	43.48	138	39	5	58	191	8	144	3e-30	113.6
MA_130755g0010	MA_130755g0010	45.04	131	38	3	61	191	2	129	3e-29	111.3
MA_57493g0010	MA_57493g0010	79.25	53	4	0	58	110	8	60	4e-23	91.3
MA_276701g0010	MA_276701g0010	79.25	53	4	0	58	110	8	60	5e-23	90.9
MA_13933g0010	MA_13933g0010	39.13	138	42	7	58	192	10	143	8e-23	94.0
MA_9284799g0010	MA_9284799g0010	78.85	52	5	0	58	109	8	59	2e-22	88.6
MA_333471g0010	MA_333471g0010	75.47	53	5	0	58	110	8	60	4e-22	88.2
MA_9310518g0010	MA_9310518g0010	68.97	58	10	0	58	115	8	65	4e-21	85.1
MA_95674g0010	MA_95674g0010	73.08	52	5	0	58	109	8	59	5e-21	84.7
MA_35712g0010	MA_35712g0010	70.37	54	6	0	58	111	8	61	5e-21	85.1
MA_101463g0010	MA_101463g0010	73.08	52	5	0	58	109	8	59	9e-21	84.0
MA_78010g0010	MA_78010g0010	75.00	52	5	0	58	109	8	59	2e-20	83.6
MA_19007g0010	MA_19007g0010	76.47	51	7	0	59	109	9	59	2e-20	83.2
MA_254338g0010	MA_254338g0010	75.00	52	6	0	58	109	8	59	5e-20	82.0
MA_10256834g0010	MA_10256834g0010	72.55	51	6	0	58	108	8	58	5e-20	81.6
MA_458668g0010	MA_458668g0010	73.08	52	6	0	58	109	8	59	2e-19	80.5
MA_113509g0010	MA_113509g0010	40.29	139	36	18	58	190	8	134	5e-19	84.7
MA_19007g0020	MA_19007g0020	54.43	79	11	17	58	119	8	86	1e-18	79.3
MA_17919g0010	MA_17919g0010	58.21	67	7	13	58	111	8	74	1e-16	74.3
MA_211156g0010	MA_211156g0010	30.49	82	31	1	111	191	3	84	1e-07	49.7
MA_758606g0010	MA_758606g0010	33.01	103	37	11	93	191	1	96	2e-05	43.9
MA_629987g0010	MA_629987g0010	31.25	80	33	4	112	191	1	76	0.0002	40.0
MA_10434339g0010	MA_10434339g0010	30.00	80	30	4	112	191	1	76	0.0007	39.3
MA_6805g0010	MA_6805g0010	44.76	143	41	5	45	183	3	144	2e-32	119.4
MA_130755g0010	MA_130755g0010	45.80	131	39	3	53	183	2	129	1e-28	110.2
MA_13933g0010	MA_13933g0010	39.73	146	46	7	45	187	5	146	1e-24	99.4
MA_276701g0010	MA_276701g0010	66.67	66	11	0	43	108	1	66	3e-24	94.4
MA_57493g0010	MA_57493g0010	71.67	60	7	0	43	102	1	60	3e-24	94.0
MA_9284799g0010	MA_9284799g0010	74.58	59	8	0	43	101	1	59	4e-24	93.6
MA_333471g0010	MA_333471g0010	71.19	59	7	0	43	101	1	59	7e-24	93.2
MA_78010g0010	MA_78010g0010	77.19	57	7	0	45	101	3	59	2e-23	91.7
MA_9310518g0010	MA_9310518g0010	68.25	63	12	0	45	107	3	65	4e-23	90.5
MA_35712g0010	MA_35712g0010	67.21	61	9	0	43	103	1	61	9e-23	90.1
MA_95674g0010	MA_95674g0010	67.80	59	8	0	43	101	1	59	1e-22	89.4
MA_458668g0010	MA_458668g0010	69.49	59	8	0	43	101	1	59	4e-22	87.8
MA_254338g0010	MA_254338g0010	73.68	57	8	0	45	101	3	59	7e-22	87.0
MA_101463g0010	MA_101463g0010	70.18	57	8	0	45	101	3	59	5e-21	84.7
MA_19007g0020	MA_19007g0020	72.22	54	7	0	43	96	1	54	9e-21	85.1
MA_10256834g0010	MA_10256834g0010	66.10	59	9	0	43	101	1	59	1e-20	83.6
MA_19007g0010	MA_19007g0010	71.93	57	11	0	45	101	3	59	1e-20	83.6
MA_113509g0010	MA_113509g0010	39.31	145	35	20	45	180	3	136	2e-18	83.6
MA_17919g0010	MA_17919g0010	58.33	72	10	13	45	103	3	74	2e-18	79.7
MA_758606g0010	MA_758606g0010	34.82	112	42	11	85	192	1	105	2e-07	49.7
MA_211156g0010	MA_211156g0010	29.17	72	26	0	129	200	30	101	2e-07	48.9
MA_10434339g0010	MA_10434339g0010	31.25	80	30	4	104	183	1	76	0.0004	39.7
MA_6805g0010	MA_6805g0010	45.11	133	33	9	26	154	18	145	2e-26	102.4
MA_130755g0010	MA_130755g0010	41.98	131	40	7	26	156	9	132	4e-21	88.2
MA_13933g0010	MA_13933g0010	42.11	133	38	15	26	153	20	142	2e-18	80.5
MA_276701g0010	MA_276701g0010	73.91	46	4	3	26	71	18	60	1e-15	70.1
MA_57493g0010	MA_57493g0010	73.91	46	4	3	26	71	18	60	1e-15	69.7
MA_78010g0010	MA_78010g0010	68.89	45	3	3	26	70	18	59	1e-14	66.6
MA_19007g0020	MA_19007g0020	47.83	69	13	14	26	80	18	86	4e-14	65.9
MA_211156g0010	MA_211156g0010	36.56	93	32	0	73	165	4	96	4e-14	67.0
MA_333471g0010	MA_333471g0010	67.39	46	6	3	26	71	18	60	6e-14	64.7
MA_9284799g0010	MA_9284799g0010	71.11	45	5	3	26	70	18	59	1e-13	63.5
MA_35712g0010	MA_35712g0010	66.67	45	6	3	26	70	18	59	2e-13	63.2
MA_113509g0010	MA_113509g0010	29.70	165	38	44	26	156	18	172	3e-13	67.4
MA_9310518g0010	MA_9310518g0010	68.89	45	3	3	26	70	18	59	4e-13	62.4
MA_19007g0010	MA_19007g0010	63.04	46	7	3	26	71	18	60	4e-13	62.0
MA_95674g0010	MA_95674g0010	68.89	45	5	3	26	70	18	59	4e-13	62.4
MA_254338g0010	MA_254338g0010	64.44	45	5	3	26	70	18	59	7e-13	61.6
MA_17919g0010	MA_17919g0010	56.67	60	3	16	26	72	18	74	9e-13	63.2
MA_101463g0010	MA_101463g0010	68.89	45	5	3	26	70	18	59	1e-12	60.8
MA_458668g0010	MA_458668g0010	64.44	45	5	3	26	70	18	59	1e-11	58.5
MA_10256834g0010	MA_10256834g0010	62.22	45	5	3	26	70	18	59	1e-11	57.8
MA_10434339g0010	MA_10434339g0010	30.34	89	34	5	73	161	1	84	5e-06	45.1
MA_758606g0010	MA_758606g0010	29.25	106	39	11	51	154	1	97	1e-05	43.9
MA_629987g0010	MA_629987g0010	30.34	89	36	5	73	161	1	84	5e-05	42.0
MA_502016g0010	MA_502016g0010	25.84	89	36	5	73	161	1	84	0.0008	38.1
MA_104138g0010	MA_104138g0010	29.63	81	37	0	73	153	1	81	0.0009	38.5
MA_6805g0010	MA_6805g0010	37.66	154	53	15	1	153	1	140	3e-25	99.0
MA_13933g0010	MA_13933g0010	33.73	169	51	21	1	169	3	150	7e-22	90.5
MA_9310518g0010	MA_9310518g0010	60.00	65	16	0	1	65	1	65	5e-21	84.3
MA_9284799g0010	MA_9284799g0010	61.67	60	13	0	1	60	1	60	1e-19	80.5
MA_35712g0010	MA_35712g0010	58.33	60	12	0	1	60	1	60	1e-19	80.5
MA_254338g0010	MA_254338g0010	58.33	60	13	0	1	60	1	60	2e-19	79.3
MA_19007g0010	MA_19007g0010	58.33	60	15	0	1	60	1	60	6e-19	78.2
MA_78010g0010	MA_78010g0010	61.02	59	14	0	1	59	1	59	1e-18	77.8
MA_101463g0010	MA_101463g0010	58.33	60	14	0	1	60	1	60	2e-18	77.0
MA_458668g0010	MA_458668g0010	56.67	60	14	0	1	60	1	60	6e-17	72.8
MA_95674g0010	MA_95674g0010	55.00	60	15	0	1	60	1	60	7e-17	72.8
MA_57493g0010	MA_57493g0010	56.67	60	15	0	1	60	1	60	8e-17	72.8
MA_333471g0010	MA_333471g0010	48.65	74	17	7	1	67	1	74	8e-17	72.8
MA_276701g0010	MA_276701g0010	56.67	60	15	0	1	60	1	60	1e-16	72.4
MA_113509g0010	MA_113509g0010	53.33	75	21	2	1	73	1	75	6e-16	75.1
MA_130755g0010	MA_130755g0010	52.46	61	20	0	11	71	2	62	2e-15	71.6
MA_10256834g0010	MA_10256834g0010	48.33	60	15	0	1	60	1	60	4e-15	67.8
MA_19007g0020	MA_19007g0020	59.62	52	10	0	1	52	1	52	7e-15	67.8
MA_17919g0010	MA_17919g0010	47.95	73	15	13	1	60	1	73	8e-14	65.9
MA_6805g0010	MA_6805g0010	55.88	68	16	0	1	68	1	68	2e-22	91.7
MA_9310518g0010	MA_9310518g0010	60.00	65	16	0	1	65	1	65	4e-20	82.4
MA_13933g0010	MA_13933g0010	55.56	72	16	2	1	70	3	74	5e-20	85.9
MA_9284799g0010	MA_9284799g0010	61.67	60	13	0	1	60	1	60	2e-19	80.1
MA_254338g0010	MA_254338g0010	58.33	60	13	0	1	60	1	60	2e-19	79.7
MA_35712g0010	MA_35712g0010	58.33	60	12	0	1	60	1	60	3e-19	79.7
MA_78010g0010	MA_78010g0010	61.02	59	14	0	1	59	1	59	7e-19	79.0
MA_19007g0010	MA_19007g0010	58.33	60	15	0	1	60	1	60	1e-18	78.2
MA_101463g0010	MA_101463g0010	58.33	60	14	0	1	60	1	60	1e-18	77.8
MA_333471g0010	MA_333471g0010	48.65	74	17	7	1	67	1	74	9e-18	75.9
MA_57493g0010	MA_57493g0010	58.62	58	13	0	1	58	1	58	1e-17	75.5
MA_95674g0010	MA_95674g0010	55.00	60	15	0	1	60	1	60	3e-17	74.3
MA_276701g0010	MA_276701g0010	58.62	58	13	0	1	58	1	58	3e-17	74.3
MA_458668g0010	MA_458668g0010	56.67	60	14	0	1	60	1	60	3e-17	73.9
MA_113509g0010	MA_113509g0010	61.40	57	13	0	1	57	1	57	7e-16	75.5
MA_10256834g0010	MA_10256834g0010	48.33	60	15	0	1	60	1	60	5e-15	67.8
MA_19007g0020	MA_19007g0020	55.36	56	14	0	1	56	1	56	9e-15	68.2
MA_130755g0010	MA_130755g0010	53.45	58	18	0	11	68	2	59	2e-14	68.9
MA_17919g0010	MA_17919g0010	49.30	71	13	13	1	58	1	71	1e-13	66.2
